id male_unemployment female_unemployment
1                2.9                 4.0
2                6.7                 7.4
3                4.9                 5.0
4                7.9                 7.2
5                9.8                 7.9
6                6.9                 6.1
7                6.1                 6.0
8                6.2                 5.8
9                6.0                 5.2
10               5.1                 4.2
11               4.7                 4.0
12               4.4                 4.4
13               5.8                 5.2